{
 "cells": [
  {
   "cell_type": "code",
   "execution_count": 1,
   "source": [
    "import numpy as np\n",
    "import pandas as pd\n",
    "\n",
    "from sklearn.ensemble import RandomForestRegressor, GradientBoostingRegressor\n",
    "\n",
    "import seaborn as sns\n",
    "import matplotlib.pyplot as plt\n",
    "from datetime import datetime\n",
    "#from IPython.core.interactiveshell import InteractiveShell\n",
    "#InteractiveShell.ast_node_interactivity = \"all\"\n",
    "\n",
    "pd.set_option('display.max_columns', 500)\n",
    "pd.set_option('display.max_colwidth', 30)\n",
    "\n",
    "#sns.set_style(\"whitegrid\")\n",
    "#plt.style.use('bmh')\n",
    "plt.style.use('seaborn-whitegrid')\n",
    "\n",
    "# this allows plots to appear directly in the notebook\n",
    "%matplotlib inline\n",
    "%config InlineBackend.figure_format = 'retina'"
   ],
   "outputs": [],
   "metadata": {}
  },
  {
   "cell_type": "code",
   "execution_count": 2,
   "source": [
    "train_df = pd.read_csv('data/train.csv')\n",
    "train_df['data_set'] = 'train'\n",
    "test_df = pd.read_csv('data/test.csv')\n",
    "test_df['data_set'] = 'test'\n",
    "# combine train and test data into one df\n",
    "test_df['registered'] = 0\n",
    "test_df['casual'] = 0\n",
    "test_df['count'] = 0\n",
    "\n",
    "all_df = pd.concat([train_df, test_df])\n",
    "# parse datetime colum & add new time related columns\n",
    "dt = pd.DatetimeIndex(all_df['datetime'])\n",
    "all_df.set_index(dt, inplace=True)\n",
    "\n",
    "# logarithmic transformation of dependent cols\n",
    "# (adding 1 first so that 0 values don't become -inf)\n",
    "for col in ['casual', 'registered', 'count']:\n",
    "    all_df[f'{col}_log'] = np.log(all_df[col] + 1)\n",
    "\n",
    "all_df['date'] = dt.date # yyyymmdd\n",
    "all_df['day'] = dt.day # dd\n",
    "all_df['month'] = dt.month # mm\n",
    "all_df['year'] = dt.year # yyyy\n",
    "all_df['hour'] = dt.hour # hh\n",
    "all_df['dow'] = dt.dayofweek #曜日 Mon:0 Tue:1 Wed:2 Thu:3 Fri:4 Sat:5 Sun:6\n",
    "all_df['woy'] = dt.isocalendar().week #その日の週が年間で見ると何番目の週かを表す数字 [dt.weekofyear]は deprecated\n",
    "\n",
    "# add a count_season column using join\n",
    "by_season = all_df[all_df['data_set'] == 'train'].copy().groupby(['season'])[['count']].agg(sum)\n",
    "by_season.columns = ['count_season']\n",
    "all_df = all_df.join(by_season, on='season')\n",
    "\n",
    "\n",
    "# feature engineer a new column whether its a peak hour or not\n",
    "all_df['peak'] = all_df[['hour', 'workingday']]\\\n",
    "    .apply(lambda df: 3 if ((df['workingday'] == 1 and (df['hour'] == 8 or 17 <= df['hour'] <= 18)) \\\n",
    "                            or (df['workingday'] == 0 and 11 <= df['hour'] <= 17)) else \\\n",
    "                            ( 2 if ((df['workingday'] == 1 and (df['hour'] == 7 or df['hour'] == 9 or df['hour'] == 16 or 19 <= df['hour'] <= 20)) \\\n",
    "                            or (df['workingday'] == 0 and (df['hour'] == 10 or 18 <= df['hour'] <= 19))) else \\\n",
    "                            ( 1 if ((df['workingday'] == 1 and (10 <= df['hour'] <= 15 or 21 <= df['hour'] <= 22)) \\\n",
    "                            or (df['workingday'] == 0 and (8 <= df['hour'] <= 9 or 20 <= df['hour'] <= 23))) else 0)), axis = 1)\n",
    "\n",
    "#ここの修正の仕方は、間違っているので要修正！\n",
    "# sandy\n",
    "#all_df['holiday'] = all_df[['month', 'day', 'holiday', 'year']]\\\n",
    "#    .apply(lambda df: 1 if (df['year'] == 2012 and df['month'] == 10 and df['day'] == 30) else 0, axis = 1)\n",
    "# 修正後↓\n",
    "all_df['holiday'] = all_df[['month', 'day', 'holiday', 'year']]\\\n",
    "    .apply(lambda df: 1 if (df['year'] == 2012 and df['month'] == 10 and df['day'] == 30) else df['holiday'], axis = 1)\n",
    "\n",
    "\n",
    "# christmas and others\n",
    "all_df['holiday'] = all_df[['month', 'day', 'holiday']]\\\n",
    "    .apply(lambda df: 1 if (df['month'] == 12 and df['day'] in [24, 26, 31]) else df['holiday'], axis = 1)\n",
    "all_df['workingday'] = all_df[['month', 'day', 'workingday']]\\\n",
    "    .apply(lambda df: 0 if df['month'] == 12 and df['day'] in [24, 31] else df['workingday'], axis = 1)\n",
    "# これは流石に気づかない気がする。。。気づけない気がする。。。\n",
    "def get_day(day_start):\n",
    "    day_end = day_start + pd.offsets.DateOffset(hours=23)\n",
    "    return pd.date_range(day_start, day_end, freq=\"H\")\n",
    "\n",
    "# tax day\n",
    "all_df.loc[get_day(datetime(2011, 4, 15)), \"workingday\"] = 1\n",
    "all_df.loc[get_day(datetime(2012, 4, 16)), \"workingday\"] = 1\n",
    "\n",
    "# thanksgiving friday\n",
    "all_df.loc[get_day(datetime(2011, 11, 25)), \"workingday\"] = 0\n",
    "all_df.loc[get_day(datetime(2012, 11, 23)), \"workingday\"] = 0\n",
    "\n",
    "# tax day\n",
    "all_df.loc[get_day(datetime(2011, 4, 15)), \"holiday\"] = 0\n",
    "all_df.loc[get_day(datetime(2012, 4, 16)), \"holiday\"] = 0\n",
    "\n",
    "# thanksgiving friday\n",
    "all_df.loc[get_day(datetime(2011, 11, 25)), \"holiday\"] = 1\n",
    "all_df.loc[get_day(datetime(2012, 11, 23)), \"holiday\"] = 1\n",
    "\n",
    "#storms\n",
    "all_df.loc[get_day(datetime(2012, 5, 21)), \"holiday\"] = 1\n",
    "\n",
    "#tornado\n",
    "all_df.loc[get_day(datetime(2012, 6, 1)), \"holiday\"] = 1\n",
    "# from histogram\n",
    "all_df['ideal'] = all_df[['temp', 'windspeed']]\\\n",
    "    .apply(lambda df: 1 if (df['temp'] > 27 and df['windspeed'] < 30) else 0, axis = 1)\n",
    "    \n",
    "all_df['sticky'] = all_df[['humidity', 'workingday']]\\\n",
    "    .apply(lambda df: 1 if (df['workingday'] == 1 and df['humidity'] >= 60) else 0, axis = 1)\n",
    "\n",
    "# One-hot-Encoding for season\n",
    "#season_map = {1:'Spring', 2:'Summer', 3:'Fall', 4:'Winter'}\n",
    "#all_df['season'] = all_df['season'].map(lambda d : season_map[d])\n",
    "#temporary = pd.get_dummies(all_df['season'])\n",
    "#all_df['season_Fall'] = temporary['Fall']\n",
    "#all_df['season_Spring'] = temporary['Spring']\n",
    "#all_df['season_Summer'] = temporary['Summer']\n",
    "#all_df['season_Winter'] = temporary['Winter']\n",
    "\n",
    "# temperature\n",
    "all_df.loc[all_df['temp'] < 10,'temp_cat'] = 1\n",
    "all_df.loc[(all_df['temp'] >= 10) & (all_df['temp'] < 15),'temp_cat'] = 2\n",
    "all_df.loc[(all_df['temp'] >= 15) & (all_df['temp'] < 20),'temp_cat'] = 3\n",
    "all_df.loc[(all_df['temp'] >= 20) & (all_df['temp'] < 25),'temp_cat'] = 4\n",
    "all_df.loc[(all_df['temp'] >= 25) & (all_df['temp'] < 30),'temp_cat'] = 5\n",
    "all_df.loc[(all_df['temp'] >= 30) & (all_df['temp'] < 35),'temp_cat'] = 6\n",
    "all_df.loc[(all_df['temp'] >= 35),'temp_cat'] = 7\n",
    "\n",
    "# humidity\n",
    "#all_df.loc[all_df['humidity'] < 10,'humidity_cat'] = 0\n",
    "#all_df.loc[(all_df['humidity'] >= 10) & (all_df['humidity'] < 20),'humidity_cat'] = 1\n",
    "#all_df.loc[(all_df['humidity'] >= 20) & (all_df['humidity'] < 30),'humidity_cat'] = 2\n",
    "#all_df.loc[(all_df['humidity'] >= 30) & (all_df['humidity'] < 40),'humidity_cat'] = 3\n",
    "#all_df.loc[(all_df['humidity'] >= 40) & (all_df['humidity'] < 50),'humidity_cat'] = 4\n",
    "#all_df.loc[(all_df['humidity'] >= 50) & (all_df['humidity'] < 60),'humidity_cat'] = 5\n",
    "#all_df.loc[(all_df['humidity'] >= 60) & (all_df['humidity'] < 70),'humidity_cat'] = 6\n",
    "#all_df.loc[(all_df['humidity'] >= 70) & (all_df['humidity'] < 80),'humidity_cat'] = 7\n",
    "#all_df.loc[(all_df['humidity'] >= 80) & (all_df['humidity'] < 90),'humidity_cat'] = 8\n",
    "#all_df.loc[(all_df['humidity'] >= 90),'humidity_cat'] = 9\n",
    "\n",
    "all_df.loc[all_df['humidity'] < 20,'humidity_cat'] = 0\n",
    "all_df.loc[(all_df['humidity'] >= 20) & (all_df['humidity'] < 40),'humidity_cat'] = 1\n",
    "all_df.loc[(all_df['humidity'] >= 40) & (all_df['humidity'] < 60),'humidity_cat'] = 2\n",
    "all_df.loc[(all_df['humidity'] >= 60) & (all_df['humidity'] < 80),'humidity_cat'] = 3\n",
    "all_df.loc[(all_df['humidity'] >= 80),'humidity_cat'] = 4\n",
    "\n",
    "# windspeed\n",
    "all_df.loc[all_df['windspeed'] < 5,'wind_cat'] = 0\n",
    "all_df.loc[(all_df['windspeed'] >= 5) & (all_df['windspeed'] < 10),'wind_cat'] = 1\n",
    "all_df.loc[(all_df['windspeed'] >= 10) & (all_df['windspeed'] < 15),'wind_cat'] = 2\n",
    "all_df.loc[(all_df['windspeed'] >= 15) & (all_df['windspeed'] < 20),'wind_cat'] = 3\n",
    "all_df.loc[(all_df['windspeed'] >= 20) & (all_df['windspeed'] < 25),'wind_cat'] = 4\n",
    "all_df.loc[(all_df['windspeed'] >= 25) & (all_df['windspeed'] < 30),'wind_cat'] = 5\n",
    "all_df.loc[(all_df['windspeed'] >= 30) & (all_df['windspeed'] < 35),'wind_cat'] = 6\n",
    "all_df.loc[(all_df['windspeed'] >= 35) & (all_df['windspeed'] < 40),'wind_cat'] = 7\n",
    "all_df.loc[(all_df['windspeed'] >= 40) & (all_df['windspeed'] < 45),'wind_cat'] = 8\n",
    "all_df.loc[(all_df['windspeed'] >= 45),'wind_cat'] = 9\n"
   ],
   "outputs": [],
   "metadata": {}
  },
  {
   "cell_type": "code",
   "execution_count": 3,
   "source": [
    "# instead of randomly splitting our training data \n",
    "# for cross validation, let's construct a framework that's more\n",
    "# in line with how the data is divvied up for this competition\n",
    "# (given first 19 days of each month, what is demand for remaining days)\n",
    "# so, let's split our training data into 2 time contiguous datasets\n",
    "# for fitting and validating our model (days 1-14 vs. days 15-19).\n",
    "\n",
    "# also, since submissions are evaluated based on the\n",
    "# root mean squared logarithmic error (RMSLE), let's replicate\n",
    "# that computation as we test and tune our model.\n",
    "\n",
    "train_df = all_df[all_df['data_set'] == 'train']\n",
    "test_df = all_df[all_df['data_set'] == 'test']\n",
    "\n",
    "def get_rmsle(y_pred, y_actual):\n",
    "    diff = np.log(y_pred + 1) - np.log(y_actual + 1)\n",
    "    mean_error = np.square(diff).mean()\n",
    "    return np.sqrt(mean_error)\n",
    "\n",
    "def custom_train_valid_split(data, cutoff_day=15):\n",
    "    train = data[data['day'] <= cutoff_day]\n",
    "    valid = data[data['day'] > cutoff_day]\n",
    "\n",
    "    return train, valid\n",
    "\n",
    "def prep_train_data(data, input_cols):\n",
    "    X = data[input_cols].values\n",
    "    y_r = data['registered_log'].values\n",
    "    y_c = data['casual_log'].values\n",
    "\n",
    "    return X, y_r, y_c\n",
    "\n",
    "# predict on validation set & transform output back from log scale\n",
    "def predict_on_validation_set(model, input_cols):\n",
    "    \n",
    "    train, valid = custom_train_valid_split(train_df)\n",
    "    y_pred_comb_l = []\n",
    "    y_actual_comb_l = []\n",
    "\n",
    "    for year_val in [2011,2012]:\n",
    "        for month_val in range(1,13):\n",
    "\n",
    "            print(f'Now,{year_val} {month_val} training and validating...')\n",
    "            # prepare training & validation set\n",
    "            train_tmp = train.query('year <= @year_val and month <= @month_val')\n",
    "            valid_tmp = valid.query('year == @year_val and month == @month_val')\n",
    "\n",
    "            X_train, y_train_r, y_train_c = prep_train_data(train_tmp, input_cols)\n",
    "            X_valid, y_valid_r, y_valid_c = prep_train_data(valid_tmp, input_cols)\n",
    "\n",
    "            # training and validating\n",
    "            model_r = model.fit(X_train, y_train_r)\n",
    "            y_pred_r = np.exp(model_r.predict(X_valid)) - 1\n",
    "\n",
    "            model_c = model.fit(X_train, y_train_c)\n",
    "            y_pred_c = np.exp(model_c.predict(X_valid)) - 1\n",
    "\n",
    "            y_pred_comb = np.round(y_pred_r + y_pred_c)\n",
    "            y_pred_comb[y_pred_comb < 0] = 0\n",
    "            y_pred_comb_l.extend(y_pred_comb)\n",
    "\n",
    "            y_actual_comb = np.exp(y_valid_r) + np.exp(y_valid_c) - 2\n",
    "            y_actual_comb_l.extend(y_actual_comb)\n",
    "\n",
    "            #rmsle = get_rmsle(y_pred_comb, y_actual_comb)\n",
    "            #rmsle_l.append(rmsle)\n",
    "    \n",
    "    rmsle = get_rmsle(np.array(y_pred_comb_l),np.array(y_actual_comb_l))\n",
    "    \n",
    "    return (np.array(y_pred_comb_l), np.array(y_actual_comb_l), rmsle)\n",
    "\n",
    "\n",
    "# predict on test set & transform output back from log scale\n",
    "def predict_on_test_set(model, input_cols):\n",
    "    \n",
    "    y_pred_comb_l = []\n",
    "    for year_val in [2011,2012]:\n",
    "        for month_val in range(1,13):\n",
    "            \n",
    "            # prepare training set\n",
    "            print(f'Now,{year_val} {month_val} testing...')\n",
    "            train_df_tmp = train_df.query('year <= @year_val and month <= @month_val')\n",
    "            test_df_tmp = test_df.query('year == @year_val and month == @month_val')\n",
    "\n",
    "            X_train, y_train_r, y_train_c = prep_train_data(train_df_tmp, input_cols)\n",
    "\n",
    "            # prepare testing set\n",
    "            X_test = test_df_tmp[input_cols].values\n",
    "            \n",
    "            model_c = model.fit(X_train, y_train_c)\n",
    "            y_pred_c = np.exp(model_c.predict(X_test)) - 1\n",
    "\n",
    "            model_r = model.fit(X_train, y_train_r)\n",
    "            y_pred_r = np.exp(model_r.predict(X_test)) - 1\n",
    "            \n",
    "            # add casual & registered predictions together\n",
    "            y_pred_comb = np.round(y_pred_r + y_pred_c)\n",
    "            y_pred_comb[y_pred_comb < 0] = 0\n",
    "            y_pred_comb_l.extend(y_pred_comb)\n",
    "\n",
    "    \n",
    "    return np.array(y_pred_comb_l)"
   ],
   "outputs": [],
   "metadata": {}
  },
  {
   "cell_type": "code",
   "execution_count": 4,
   "source": [
    "params = {'n_estimators': 1000, 'max_depth': 15, 'random_state': 0, 'min_samples_split' : 5, 'n_jobs': -1}\n",
    "rf_model = RandomForestRegressor(**params)\n",
    "rf_cols = [\n",
    "    #'weather', 'temp', 'atemp', 'windspeed',\n",
    "    'weather', 'temp_cat', 'wind_cat',\n",
    "    'workingday', 'season', 'holiday', 'sticky',\n",
    "    #'workingday', 'season_Fall', 'season_Spring', 'season_Summer', 'season_Winter', 'holiday', 'sticky',\n",
    "    'hour', 'dow', 'woy', 'peak'\n",
    "    ]\n",
    "\n",
    "(rf_pred, rf_actual, rf_rmsle) = predict_on_validation_set(rf_model, rf_cols)"
   ],
   "outputs": [
    {
     "output_type": "stream",
     "name": "stdout",
     "text": [
      "Now,2011 1 training and validating...\n",
      "Now,2011 2 training and validating...\n",
      "Now,2011 3 training and validating...\n",
      "Now,2011 4 training and validating...\n",
      "Now,2011 5 training and validating...\n",
      "Now,2011 6 training and validating...\n",
      "Now,2011 7 training and validating...\n",
      "Now,2011 8 training and validating...\n",
      "Now,2011 9 training and validating...\n",
      "Now,2011 10 training and validating...\n",
      "Now,2011 11 training and validating...\n",
      "Now,2011 12 training and validating...\n",
      "Now,2012 1 training and validating...\n",
      "Now,2012 2 training and validating...\n",
      "Now,2012 3 training and validating...\n",
      "Now,2012 4 training and validating...\n",
      "Now,2012 5 training and validating...\n",
      "Now,2012 6 training and validating...\n",
      "Now,2012 7 training and validating...\n",
      "Now,2012 8 training and validating...\n",
      "Now,2012 9 training and validating...\n",
      "Now,2012 10 training and validating...\n",
      "Now,2012 11 training and validating...\n",
      "Now,2012 12 training and validating...\n"
     ]
    }
   ],
   "metadata": {}
  },
  {
   "cell_type": "code",
   "execution_count": 5,
   "source": [
    "print(f'rf_pred.shape: {rf_pred.shape}   rf_actual.shape: {rf_actual.shape}   rf_rmsle: {rf_rmsle}')\n",
    "all_df[rf_cols].corr()"
   ],
   "outputs": [
    {
     "output_type": "stream",
     "name": "stdout",
     "text": [
      "rf_pred.shape: (2286,)   rf_actual.shape: (2286,)   rf_rmsle: 0.4155804886847993\n"
     ]
    },
    {
     "output_type": "execute_result",
     "data": {
      "text/html": [
       "<div>\n",
       "<style scoped>\n",
       "    .dataframe tbody tr th:only-of-type {\n",
       "        vertical-align: middle;\n",
       "    }\n",
       "\n",
       "    .dataframe tbody tr th {\n",
       "        vertical-align: top;\n",
       "    }\n",
       "\n",
       "    .dataframe thead th {\n",
       "        text-align: right;\n",
       "    }\n",
       "</style>\n",
       "<table border=\"1\" class=\"dataframe\">\n",
       "  <thead>\n",
       "    <tr style=\"text-align: right;\">\n",
       "      <th></th>\n",
       "      <th>weather</th>\n",
       "      <th>temp_cat</th>\n",
       "      <th>wind_cat</th>\n",
       "      <th>workingday</th>\n",
       "      <th>season</th>\n",
       "      <th>holiday</th>\n",
       "      <th>sticky</th>\n",
       "      <th>hour</th>\n",
       "      <th>dow</th>\n",
       "      <th>woy</th>\n",
       "      <th>peak</th>\n",
       "    </tr>\n",
       "  </thead>\n",
       "  <tbody>\n",
       "    <tr>\n",
       "      <th>weather</th>\n",
       "      <td>1.000000</td>\n",
       "      <td>-0.103713</td>\n",
       "      <td>0.024231</td>\n",
       "      <td>0.042061</td>\n",
       "      <td>-0.014524</td>\n",
       "      <td>0.026336</td>\n",
       "      <td>0.243523</td>\n",
       "      <td>-0.020203</td>\n",
       "      <td>-0.046424</td>\n",
       "      <td>0.009692</td>\n",
       "      <td>-0.002559</td>\n",
       "    </tr>\n",
       "    <tr>\n",
       "      <th>temp_cat</th>\n",
       "      <td>-0.103713</td>\n",
       "      <td>1.000000</td>\n",
       "      <td>-0.024995</td>\n",
       "      <td>0.062923</td>\n",
       "      <td>0.302664</td>\n",
       "      <td>-0.068965</td>\n",
       "      <td>-0.014099</td>\n",
       "      <td>0.134049</td>\n",
       "      <td>-0.031761</td>\n",
       "      <td>0.186577</td>\n",
       "      <td>0.139005</td>\n",
       "    </tr>\n",
       "    <tr>\n",
       "      <th>wind_cat</th>\n",
       "      <td>0.024231</td>\n",
       "      <td>-0.024995</td>\n",
       "      <td>1.000000</td>\n",
       "      <td>-0.000978</td>\n",
       "      <td>-0.146173</td>\n",
       "      <td>-0.005202</td>\n",
       "      <td>-0.185632</td>\n",
       "      <td>0.138555</td>\n",
       "      <td>0.000830</td>\n",
       "      <td>-0.128262</td>\n",
       "      <td>0.183375</td>\n",
       "    </tr>\n",
       "    <tr>\n",
       "      <th>workingday</th>\n",
       "      <td>0.042061</td>\n",
       "      <td>0.062923</td>\n",
       "      <td>-0.000978</td>\n",
       "      <td>1.000000</td>\n",
       "      <td>0.010879</td>\n",
       "      <td>-0.240847</td>\n",
       "      <td>0.536900</td>\n",
       "      <td>0.002185</td>\n",
       "      <td>-0.698028</td>\n",
       "      <td>-0.025700</td>\n",
       "      <td>-0.104563</td>\n",
       "    </tr>\n",
       "    <tr>\n",
       "      <th>season</th>\n",
       "      <td>-0.014524</td>\n",
       "      <td>0.302664</td>\n",
       "      <td>-0.146173</td>\n",
       "      <td>0.010879</td>\n",
       "      <td>1.000000</td>\n",
       "      <td>-0.032516</td>\n",
       "      <td>0.095556</td>\n",
       "      <td>-0.006117</td>\n",
       "      <td>-0.007448</td>\n",
       "      <td>0.814302</td>\n",
       "      <td>-0.007072</td>\n",
       "    </tr>\n",
       "    <tr>\n",
       "      <th>holiday</th>\n",
       "      <td>0.026336</td>\n",
       "      <td>-0.068965</td>\n",
       "      <td>-0.005202</td>\n",
       "      <td>-0.240847</td>\n",
       "      <td>-0.032516</td>\n",
       "      <td>1.000000</td>\n",
       "      <td>-0.109330</td>\n",
       "      <td>0.003451</td>\n",
       "      <td>-0.169788</td>\n",
       "      <td>0.081117</td>\n",
       "      <td>0.021277</td>\n",
       "    </tr>\n",
       "    <tr>\n",
       "      <th>sticky</th>\n",
       "      <td>0.243523</td>\n",
       "      <td>-0.014099</td>\n",
       "      <td>-0.185632</td>\n",
       "      <td>0.536900</td>\n",
       "      <td>0.095556</td>\n",
       "      <td>-0.109330</td>\n",
       "      <td>1.000000</td>\n",
       "      <td>-0.186289</td>\n",
       "      <td>-0.399949</td>\n",
       "      <td>0.096672</td>\n",
       "      <td>-0.194430</td>\n",
       "    </tr>\n",
       "    <tr>\n",
       "      <th>hour</th>\n",
       "      <td>-0.020203</td>\n",
       "      <td>0.134049</td>\n",
       "      <td>0.138555</td>\n",
       "      <td>0.002185</td>\n",
       "      <td>-0.006117</td>\n",
       "      <td>0.003451</td>\n",
       "      <td>-0.186289</td>\n",
       "      <td>1.000000</td>\n",
       "      <td>-0.002893</td>\n",
       "      <td>-0.005437</td>\n",
       "      <td>0.488565</td>\n",
       "    </tr>\n",
       "    <tr>\n",
       "      <th>dow</th>\n",
       "      <td>-0.046424</td>\n",
       "      <td>-0.031761</td>\n",
       "      <td>0.000830</td>\n",
       "      <td>-0.698028</td>\n",
       "      <td>-0.007448</td>\n",
       "      <td>-0.169788</td>\n",
       "      <td>-0.399949</td>\n",
       "      <td>-0.002893</td>\n",
       "      <td>1.000000</td>\n",
       "      <td>0.009368</td>\n",
       "      <td>0.073942</td>\n",
       "    </tr>\n",
       "    <tr>\n",
       "      <th>woy</th>\n",
       "      <td>0.009692</td>\n",
       "      <td>0.186577</td>\n",
       "      <td>-0.128262</td>\n",
       "      <td>-0.025700</td>\n",
       "      <td>0.814302</td>\n",
       "      <td>0.081117</td>\n",
       "      <td>0.096672</td>\n",
       "      <td>-0.005437</td>\n",
       "      <td>0.009368</td>\n",
       "      <td>1.000000</td>\n",
       "      <td>-0.003243</td>\n",
       "    </tr>\n",
       "    <tr>\n",
       "      <th>peak</th>\n",
       "      <td>-0.002559</td>\n",
       "      <td>0.139005</td>\n",
       "      <td>0.183375</td>\n",
       "      <td>-0.104563</td>\n",
       "      <td>-0.007072</td>\n",
       "      <td>0.021277</td>\n",
       "      <td>-0.194430</td>\n",
       "      <td>0.488565</td>\n",
       "      <td>0.073942</td>\n",
       "      <td>-0.003243</td>\n",
       "      <td>1.000000</td>\n",
       "    </tr>\n",
       "  </tbody>\n",
       "</table>\n",
       "</div>"
      ],
      "text/plain": [
       "             weather  temp_cat  wind_cat  workingday    season   holiday  \\\n",
       "weather     1.000000 -0.103713  0.024231    0.042061 -0.014524  0.026336   \n",
       "temp_cat   -0.103713  1.000000 -0.024995    0.062923  0.302664 -0.068965   \n",
       "wind_cat    0.024231 -0.024995  1.000000   -0.000978 -0.146173 -0.005202   \n",
       "workingday  0.042061  0.062923 -0.000978    1.000000  0.010879 -0.240847   \n",
       "season     -0.014524  0.302664 -0.146173    0.010879  1.000000 -0.032516   \n",
       "holiday     0.026336 -0.068965 -0.005202   -0.240847 -0.032516  1.000000   \n",
       "sticky      0.243523 -0.014099 -0.185632    0.536900  0.095556 -0.109330   \n",
       "hour       -0.020203  0.134049  0.138555    0.002185 -0.006117  0.003451   \n",
       "dow        -0.046424 -0.031761  0.000830   -0.698028 -0.007448 -0.169788   \n",
       "woy         0.009692  0.186577 -0.128262   -0.025700  0.814302  0.081117   \n",
       "peak       -0.002559  0.139005  0.183375   -0.104563 -0.007072  0.021277   \n",
       "\n",
       "              sticky      hour       dow       woy      peak  \n",
       "weather     0.243523 -0.020203 -0.046424  0.009692 -0.002559  \n",
       "temp_cat   -0.014099  0.134049 -0.031761  0.186577  0.139005  \n",
       "wind_cat   -0.185632  0.138555  0.000830 -0.128262  0.183375  \n",
       "workingday  0.536900  0.002185 -0.698028 -0.025700 -0.104563  \n",
       "season      0.095556 -0.006117 -0.007448  0.814302 -0.007072  \n",
       "holiday    -0.109330  0.003451 -0.169788  0.081117  0.021277  \n",
       "sticky      1.000000 -0.186289 -0.399949  0.096672 -0.194430  \n",
       "hour       -0.186289  1.000000 -0.002893 -0.005437  0.488565  \n",
       "dow        -0.399949 -0.002893  1.000000  0.009368  0.073942  \n",
       "woy         0.096672 -0.005437  0.009368  1.000000 -0.003243  \n",
       "peak       -0.194430  0.488565  0.073942 -0.003243  1.000000  "
      ]
     },
     "metadata": {},
     "execution_count": 5
    }
   ],
   "metadata": {}
  },
  {
   "cell_type": "code",
   "execution_count": 6,
   "source": [
    "params = {'n_estimators': 150, 'max_depth': 5, 'random_state': 0, 'min_samples_leaf' : 10, 'learning_rate': 0.1, 'subsample': 0.7, 'loss': 'ls'}\n",
    "gbm_model = GradientBoostingRegressor(**params)\n",
    "gbm_cols = [\n",
    "    #'weather', 'temp', 'atemp', 'humidity', 'windspeed',\n",
    "    'weather', 'temp', 'atemp', 'humidity', 'wind_cat',\n",
    "    'holiday', 'workingday', 'season',\n",
    "    #'holiday', 'workingday', 'season_Fall', 'season_Spring', 'season_Summer', 'season_Winter',\n",
    "    'hour', 'dow', 'year', 'ideal', #'count_season',\n",
    "]\n",
    "\n",
    "(gbm_pred, gbm_actual, gbm_rmsle) = predict_on_validation_set(gbm_model, gbm_cols)"
   ],
   "outputs": [
    {
     "output_type": "stream",
     "name": "stdout",
     "text": [
      "Now,2011 1 training and validating...\n",
      "Now,2011 2 training and validating...\n",
      "Now,2011 3 training and validating...\n",
      "Now,2011 4 training and validating...\n",
      "Now,2011 5 training and validating...\n",
      "Now,2011 6 training and validating...\n",
      "Now,2011 7 training and validating...\n",
      "Now,2011 8 training and validating...\n",
      "Now,2011 9 training and validating...\n",
      "Now,2011 10 training and validating...\n",
      "Now,2011 11 training and validating...\n",
      "Now,2011 12 training and validating...\n",
      "Now,2012 1 training and validating...\n",
      "Now,2012 2 training and validating...\n",
      "Now,2012 3 training and validating...\n",
      "Now,2012 4 training and validating...\n",
      "Now,2012 5 training and validating...\n",
      "Now,2012 6 training and validating...\n",
      "Now,2012 7 training and validating...\n",
      "Now,2012 8 training and validating...\n",
      "Now,2012 9 training and validating...\n",
      "Now,2012 10 training and validating...\n",
      "Now,2012 11 training and validating...\n",
      "Now,2012 12 training and validating...\n"
     ]
    }
   ],
   "metadata": {}
  },
  {
   "cell_type": "code",
   "execution_count": 7,
   "source": [
    "print(f'gbm_pred.shape: {gbm_pred.shape}   gbm_actual.shape: {gbm_actual.shape}   gbm_rmsle: {gbm_rmsle}')"
   ],
   "outputs": [
    {
     "output_type": "stream",
     "name": "stdout",
     "text": [
      "gbm_pred.shape: (2286,)   gbm_actual.shape: (2286,)   gbm_rmsle: 0.35682411926535945\n"
     ]
    }
   ],
   "metadata": {}
  },
  {
   "cell_type": "code",
   "execution_count": 8,
   "source": [
    "print(f'gbm_pred.shape: {gbm_pred.shape}   gbm_actual.shape: {gbm_actual.shape}   gbm_rmsle: {gbm_rmsle}')\n",
    "all_df[gbm_cols].corr()"
   ],
   "outputs": [
    {
     "output_type": "stream",
     "name": "stdout",
     "text": [
      "gbm_pred.shape: (2286,)   gbm_actual.shape: (2286,)   gbm_rmsle: 0.35682411926535945\n"
     ]
    },
    {
     "output_type": "execute_result",
     "data": {
      "text/html": [
       "<div>\n",
       "<style scoped>\n",
       "    .dataframe tbody tr th:only-of-type {\n",
       "        vertical-align: middle;\n",
       "    }\n",
       "\n",
       "    .dataframe tbody tr th {\n",
       "        vertical-align: top;\n",
       "    }\n",
       "\n",
       "    .dataframe thead th {\n",
       "        text-align: right;\n",
       "    }\n",
       "</style>\n",
       "<table border=\"1\" class=\"dataframe\">\n",
       "  <thead>\n",
       "    <tr style=\"text-align: right;\">\n",
       "      <th></th>\n",
       "      <th>weather</th>\n",
       "      <th>temp</th>\n",
       "      <th>atemp</th>\n",
       "      <th>humidity</th>\n",
       "      <th>wind_cat</th>\n",
       "      <th>holiday</th>\n",
       "      <th>workingday</th>\n",
       "      <th>season</th>\n",
       "      <th>hour</th>\n",
       "      <th>dow</th>\n",
       "      <th>year</th>\n",
       "      <th>ideal</th>\n",
       "    </tr>\n",
       "  </thead>\n",
       "  <tbody>\n",
       "    <tr>\n",
       "      <th>weather</th>\n",
       "      <td>1.000000</td>\n",
       "      <td>-0.102640</td>\n",
       "      <td>-0.105563</td>\n",
       "      <td>0.418130</td>\n",
       "      <td>0.024231</td>\n",
       "      <td>0.026336</td>\n",
       "      <td>0.042061</td>\n",
       "      <td>-0.014524</td>\n",
       "      <td>-0.020203</td>\n",
       "      <td>-0.046424</td>\n",
       "      <td>-0.019157</td>\n",
       "      <td>-0.145407</td>\n",
       "    </tr>\n",
       "    <tr>\n",
       "      <th>temp</th>\n",
       "      <td>-0.102640</td>\n",
       "      <td>1.000000</td>\n",
       "      <td>0.987672</td>\n",
       "      <td>-0.069881</td>\n",
       "      <td>-0.026955</td>\n",
       "      <td>-0.070342</td>\n",
       "      <td>0.069153</td>\n",
       "      <td>0.312025</td>\n",
       "      <td>0.137603</td>\n",
       "      <td>-0.036220</td>\n",
       "      <td>0.040913</td>\n",
       "      <td>0.727266</td>\n",
       "    </tr>\n",
       "    <tr>\n",
       "      <th>atemp</th>\n",
       "      <td>-0.105563</td>\n",
       "      <td>0.987672</td>\n",
       "      <td>1.000000</td>\n",
       "      <td>-0.051918</td>\n",
       "      <td>-0.065291</td>\n",
       "      <td>-0.072605</td>\n",
       "      <td>0.067594</td>\n",
       "      <td>0.319380</td>\n",
       "      <td>0.133750</td>\n",
       "      <td>-0.038918</td>\n",
       "      <td>0.039222</td>\n",
       "      <td>0.701874</td>\n",
       "    </tr>\n",
       "    <tr>\n",
       "      <th>humidity</th>\n",
       "      <td>0.418130</td>\n",
       "      <td>-0.069881</td>\n",
       "      <td>-0.051918</td>\n",
       "      <td>1.000000</td>\n",
       "      <td>-0.288599</td>\n",
       "      <td>0.012676</td>\n",
       "      <td>0.014316</td>\n",
       "      <td>0.150625</td>\n",
       "      <td>-0.276498</td>\n",
       "      <td>-0.035233</td>\n",
       "      <td>-0.083546</td>\n",
       "      <td>-0.141678</td>\n",
       "    </tr>\n",
       "    <tr>\n",
       "      <th>wind_cat</th>\n",
       "      <td>0.024231</td>\n",
       "      <td>-0.026955</td>\n",
       "      <td>-0.065291</td>\n",
       "      <td>-0.288599</td>\n",
       "      <td>1.000000</td>\n",
       "      <td>-0.005202</td>\n",
       "      <td>-0.000978</td>\n",
       "      <td>-0.146173</td>\n",
       "      <td>0.138555</td>\n",
       "      <td>0.000830</td>\n",
       "      <td>-0.009828</td>\n",
       "      <td>-0.056925</td>\n",
       "    </tr>\n",
       "    <tr>\n",
       "      <th>holiday</th>\n",
       "      <td>0.026336</td>\n",
       "      <td>-0.070342</td>\n",
       "      <td>-0.072605</td>\n",
       "      <td>0.012676</td>\n",
       "      <td>-0.005202</td>\n",
       "      <td>1.000000</td>\n",
       "      <td>-0.240847</td>\n",
       "      <td>-0.032516</td>\n",
       "      <td>0.003451</td>\n",
       "      <td>-0.169788</td>\n",
       "      <td>0.029875</td>\n",
       "      <td>-0.022858</td>\n",
       "    </tr>\n",
       "    <tr>\n",
       "      <th>workingday</th>\n",
       "      <td>0.042061</td>\n",
       "      <td>0.069153</td>\n",
       "      <td>0.067594</td>\n",
       "      <td>0.014316</td>\n",
       "      <td>-0.000978</td>\n",
       "      <td>-0.240847</td>\n",
       "      <td>1.000000</td>\n",
       "      <td>0.010879</td>\n",
       "      <td>0.002185</td>\n",
       "      <td>-0.698028</td>\n",
       "      <td>-0.007959</td>\n",
       "      <td>0.023068</td>\n",
       "    </tr>\n",
       "    <tr>\n",
       "      <th>season</th>\n",
       "      <td>-0.014524</td>\n",
       "      <td>0.312025</td>\n",
       "      <td>0.319380</td>\n",
       "      <td>0.150625</td>\n",
       "      <td>-0.146173</td>\n",
       "      <td>-0.032516</td>\n",
       "      <td>0.010879</td>\n",
       "      <td>1.000000</td>\n",
       "      <td>-0.006117</td>\n",
       "      <td>-0.007448</td>\n",
       "      <td>-0.010742</td>\n",
       "      <td>0.156455</td>\n",
       "    </tr>\n",
       "    <tr>\n",
       "      <th>hour</th>\n",
       "      <td>-0.020203</td>\n",
       "      <td>0.137603</td>\n",
       "      <td>0.133750</td>\n",
       "      <td>-0.276498</td>\n",
       "      <td>0.138555</td>\n",
       "      <td>0.003451</td>\n",
       "      <td>0.002185</td>\n",
       "      <td>-0.006117</td>\n",
       "      <td>1.000000</td>\n",
       "      <td>-0.002893</td>\n",
       "      <td>-0.003867</td>\n",
       "      <td>0.113745</td>\n",
       "    </tr>\n",
       "    <tr>\n",
       "      <th>dow</th>\n",
       "      <td>-0.046424</td>\n",
       "      <td>-0.036220</td>\n",
       "      <td>-0.038918</td>\n",
       "      <td>-0.035233</td>\n",
       "      <td>0.000830</td>\n",
       "      <td>-0.169788</td>\n",
       "      <td>-0.698028</td>\n",
       "      <td>-0.007448</td>\n",
       "      <td>-0.002893</td>\n",
       "      <td>1.000000</td>\n",
       "      <td>0.000977</td>\n",
       "      <td>-0.009208</td>\n",
       "    </tr>\n",
       "    <tr>\n",
       "      <th>year</th>\n",
       "      <td>-0.019157</td>\n",
       "      <td>0.040913</td>\n",
       "      <td>0.039222</td>\n",
       "      <td>-0.083546</td>\n",
       "      <td>-0.009828</td>\n",
       "      <td>0.029875</td>\n",
       "      <td>-0.007959</td>\n",
       "      <td>-0.010742</td>\n",
       "      <td>-0.003867</td>\n",
       "      <td>0.000977</td>\n",
       "      <td>1.000000</td>\n",
       "      <td>0.000788</td>\n",
       "    </tr>\n",
       "    <tr>\n",
       "      <th>ideal</th>\n",
       "      <td>-0.145407</td>\n",
       "      <td>0.727266</td>\n",
       "      <td>0.701874</td>\n",
       "      <td>-0.141678</td>\n",
       "      <td>-0.056925</td>\n",
       "      <td>-0.022858</td>\n",
       "      <td>0.023068</td>\n",
       "      <td>0.156455</td>\n",
       "      <td>0.113745</td>\n",
       "      <td>-0.009208</td>\n",
       "      <td>0.000788</td>\n",
       "      <td>1.000000</td>\n",
       "    </tr>\n",
       "  </tbody>\n",
       "</table>\n",
       "</div>"
      ],
      "text/plain": [
       "             weather      temp     atemp  humidity  wind_cat   holiday  \\\n",
       "weather     1.000000 -0.102640 -0.105563  0.418130  0.024231  0.026336   \n",
       "temp       -0.102640  1.000000  0.987672 -0.069881 -0.026955 -0.070342   \n",
       "atemp      -0.105563  0.987672  1.000000 -0.051918 -0.065291 -0.072605   \n",
       "humidity    0.418130 -0.069881 -0.051918  1.000000 -0.288599  0.012676   \n",
       "wind_cat    0.024231 -0.026955 -0.065291 -0.288599  1.000000 -0.005202   \n",
       "holiday     0.026336 -0.070342 -0.072605  0.012676 -0.005202  1.000000   \n",
       "workingday  0.042061  0.069153  0.067594  0.014316 -0.000978 -0.240847   \n",
       "season     -0.014524  0.312025  0.319380  0.150625 -0.146173 -0.032516   \n",
       "hour       -0.020203  0.137603  0.133750 -0.276498  0.138555  0.003451   \n",
       "dow        -0.046424 -0.036220 -0.038918 -0.035233  0.000830 -0.169788   \n",
       "year       -0.019157  0.040913  0.039222 -0.083546 -0.009828  0.029875   \n",
       "ideal      -0.145407  0.727266  0.701874 -0.141678 -0.056925 -0.022858   \n",
       "\n",
       "            workingday    season      hour       dow      year     ideal  \n",
       "weather       0.042061 -0.014524 -0.020203 -0.046424 -0.019157 -0.145407  \n",
       "temp          0.069153  0.312025  0.137603 -0.036220  0.040913  0.727266  \n",
       "atemp         0.067594  0.319380  0.133750 -0.038918  0.039222  0.701874  \n",
       "humidity      0.014316  0.150625 -0.276498 -0.035233 -0.083546 -0.141678  \n",
       "wind_cat     -0.000978 -0.146173  0.138555  0.000830 -0.009828 -0.056925  \n",
       "holiday      -0.240847 -0.032516  0.003451 -0.169788  0.029875 -0.022858  \n",
       "workingday    1.000000  0.010879  0.002185 -0.698028 -0.007959  0.023068  \n",
       "season        0.010879  1.000000 -0.006117 -0.007448 -0.010742  0.156455  \n",
       "hour          0.002185 -0.006117  1.000000 -0.002893 -0.003867  0.113745  \n",
       "dow          -0.698028 -0.007448 -0.002893  1.000000  0.000977 -0.009208  \n",
       "year         -0.007959 -0.010742 -0.003867  0.000977  1.000000  0.000788  \n",
       "ideal         0.023068  0.156455  0.113745 -0.009208  0.000788  1.000000  "
      ]
     },
     "metadata": {},
     "execution_count": 8
    }
   ],
   "metadata": {}
  },
  {
   "cell_type": "code",
   "execution_count": 9,
   "source": [
    "# the blend gives a better score on the leaderboard, even though it does not on the validation set\n",
    "y_pred = np.round(.4*rf_pred + .6*gbm_pred)\n",
    "print(get_rmsle(y_pred, rf_actual))"
   ],
   "outputs": [
    {
     "output_type": "stream",
     "name": "stdout",
     "text": [
      "0.3478824411120608\n"
     ]
    }
   ],
   "metadata": {}
  },
  {
   "cell_type": "code",
   "execution_count": 10,
   "source": [
    "rf_pred = predict_on_test_set(rf_model, rf_cols)\n",
    "gbm_pred = predict_on_test_set(gbm_model, gbm_cols)\n",
    "\n",
    "y_pred = np.round(.4*rf_pred + .6*gbm_pred)"
   ],
   "outputs": [
    {
     "output_type": "stream",
     "name": "stdout",
     "text": [
      "Now,2011 1 testing...\n",
      "Now,2011 2 testing...\n",
      "Now,2011 3 testing...\n",
      "Now,2011 4 testing...\n",
      "Now,2011 5 testing...\n",
      "Now,2011 6 testing...\n",
      "Now,2011 7 testing...\n",
      "Now,2011 8 testing...\n",
      "Now,2011 9 testing...\n",
      "Now,2011 10 testing...\n",
      "Now,2011 11 testing...\n",
      "Now,2011 12 testing...\n",
      "Now,2012 1 testing...\n",
      "Now,2012 2 testing...\n",
      "Now,2012 3 testing...\n",
      "Now,2012 4 testing...\n",
      "Now,2012 5 testing...\n",
      "Now,2012 6 testing...\n",
      "Now,2012 7 testing...\n",
      "Now,2012 8 testing...\n",
      "Now,2012 9 testing...\n",
      "Now,2012 10 testing...\n",
      "Now,2012 11 testing...\n",
      "Now,2012 12 testing...\n",
      "Now,2011 1 testing...\n",
      "Now,2011 2 testing...\n",
      "Now,2011 3 testing...\n",
      "Now,2011 4 testing...\n",
      "Now,2011 5 testing...\n",
      "Now,2011 6 testing...\n",
      "Now,2011 7 testing...\n",
      "Now,2011 8 testing...\n",
      "Now,2011 9 testing...\n",
      "Now,2011 10 testing...\n",
      "Now,2011 11 testing...\n",
      "Now,2011 12 testing...\n",
      "Now,2012 1 testing...\n",
      "Now,2012 2 testing...\n",
      "Now,2012 3 testing...\n",
      "Now,2012 4 testing...\n",
      "Now,2012 5 testing...\n",
      "Now,2012 6 testing...\n",
      "Now,2012 7 testing...\n",
      "Now,2012 8 testing...\n",
      "Now,2012 9 testing...\n",
      "Now,2012 10 testing...\n",
      "Now,2012 11 testing...\n",
      "Now,2012 12 testing...\n"
     ]
    }
   ],
   "metadata": {}
  },
  {
   "cell_type": "code",
   "execution_count": 11,
   "source": [
    "# output predictions for submission\n",
